7511914173 2407
4158514246 3422
5607544875 7355
2902195223 1937
8208681021 1549
5612701766 7788
7554440595 8886
7508596181 3658
3910165517 7586
1555026384 622
4161249232 7323
3001410022 7090
1755550167 4401
4360573459 8688
6662415932 5878
6802489301 7558
8802668719 1562
2362053827 5063
7761634649 7111
3554498990 6004
9753315918 2725
9906563633 1628
4253501798 443
7460248224 938
2904278951 4222
4656381455 6703
7861960428 8058
9157190565 6423
6509502243 6248
2303560151 8117
1957567600 6726
3704539196 2607
3103121505 7421
9351358224 607
9455951026 8683
1955883024 725
6802988784 1446
4558771933 4010
9501537134 8831
5560501164 6989
2153044877 8529
3655436104 2211
1703677567 6158
4704767591 9569
9554917447 5494
7410285515 6983
8408988219 6465
7708217993 2093
4108053806 44
1906455934 9755
2205879110 584
6651336818 6133
3003768246 3859
8306734621 3847
1503770337 9977
3712244355 850
4856191591 498
4554633246 2110
1701548203 5177
8253126651 2459
9361380298 8037
5807310896 3526
7409215305 3481
6803515895 3741
9751006645 7224
1852613911 9798
1261074953 8572
4057352324 5024
8356247651 9261
3358257306 4041
7653350643 4734
9951774646 1775
4008430697 5433
6059379815 1286
1658879598 6672
7108376009 3304
2412269506 1858
3256779007 3849
2262653397 8146
4401404716 8545
7353368123 2433
5357510591 5309
8703390509 7600
4053852482 3443
1855683288 9368
9707083642 8639
4006793639 9422
1102419545 3004
8658010655 4112
3604553045 2507
7002793868 4981
2010224558 1391
6603031308 2463
4409748495 2119
6658096185 2006
5260350442 8301
2206549316 9786
9254676546 7593
9062735876 219
5811479448 1860
4511490827 1456
7451971305 605
9951546921 8418
3901424052 7837
6655721185 4047
4962875169 7178
3012634581 9300
9756833201 4965
2710458888 2547
6053685613 8017
2152732203 2499
3307340626 7405
7406969249 7019
3309787757 9907
4006777349 4616
8261300334 2677
1109546221 866
1457280280 386
8511352661 230
3661192975 4921
8004010534 8108
8756970369 1238
8251646037 4177
1356306634 1652
5211547788 793
1912052729 9774
8358424980 1910
9951454785 8589
1062882688 7005
2812311593 1202
2902598983 3954
1762699351 391
8959243388 208
5761921068 5682
8407691212 5766
1951340020 1310
9901840208 4768
9752908385 5638
3151838473 8926
1853541516 5515
5106319729 7884
6353389188 5627
7608259699 1168
3108254394 219
4055436518 426
4010666446 2831
2162462473 314
2055928975 8451
6561100240 6998
9710974465 3894
2159810422 6712
6701292106 5304
2402790483 7851
2661123904 8009
2056366005 2929
5901299256 8245
8457504591 2978
3406813425 7175
3609551436 4531
5262571717 6775
7006955589 6170
8161665765 9880
9210617969 2453
5901081584 891
6057358112 4295
3957769455 8989
9362561140 7725
1902788095 1177
7356756470 4779
3210606725 9
6404004651 2180
3409588429 4955
9558393561 6879
4759891191 4642
6456760425 3150
7902039946 1991
4805821249 855
4758893674 6109
9401071136 3834
1401226413 7392
1161590267 3831
8051081676 7461
9601463106 9644
9952157151 713
7562263467 7702
2956569816 6775
1359491670 2564
9503065536 1378
9962076075 5185
2809008238 4143
9651288245 5956
3956802961 9493
2662427110 9512
2911485140 5599
5954244234 5056
1960120963 9118
3508019640 7052
3054433952 779
2259056018 2370
9157836635 3860
6510439654 7621
7855738338 9318
6955577265 4939
1960221034 1972
6351650480 142
8811234477 7580
5555022009 9689
6359411513 4539
7010502145 7226
5506336742 7543
9360213715 5945
9657213233 1235
8807069305 6850
9262702698 4761
8960727674 7517
7055462833 5267
7107064776 1649
1707621357 7462
3307371852 6672
1812536763 581
8703249758 590
1752108976 9749
7459600935 5513
2810182872 6072
2712752444 9902
3508656924 7901
2206606002 4455
3103267456 1392
5607305619 9344
5812615045 2943
2208548957 5474
8801711438 941
4559228946 8438
6861729492 8747
8209929600 2219
3903748999 8001
1601024069 3195
1312409581 8296
5108312194 4533
3452324907 8171
3962406094 6177
3261413568 9330
8757575028 2041
3858246895 1383
7451026118 130
8351801400 2892
2562595841 6010
6062054361 3251
2154641386 5938
4554769323 436
9110738540 171
3658549875 7955
1553968733 3019
5405788675 709
6652129375 8484
8109752015 9649
4662751414 1392
3703135865 2987
9658397717 1032
1552873402 8039
9952836824 5436
2852945594 9121
7802886838 2673
6361400185 5209
7851240244 4628
4603084706 2114
5258828559 9452
4911669158 4126
6061235135 8610
8959336835 3623
7502972239 9127
1362413560 879
4710723101 2855
4158487377 6288
8507649830 8193
7203500269 4748
9958652257 4836
9001054759 3040
3605168884 262
4955109163 9840
5656219461 7617
4901806606 7654
7803020631 2034
4259623128 5730
9710821383 4767
6204804474 6279
1651562051 4264
7854711788 9092
4661970380 8845
2062596858 6412
4101252741 8002
7711377354 5537
7161067988 6448
5553308819 8910
6555520050 5200
2911367218 4745
8856191971 5334
5809671466 113
9206800928 2896
3357142610 7050
9412297595 1433
2712159363 2440
2504261456 6580
7008431020 7367
5257493907 9686
9307363751 6422
6807249981 3540
6957913679 8559
9657849346 8330
1451806942 6643
1310113164 5553
2355230490 1408
6210637013 3766
8307110789 3464
5610063815 1271
4812315030 8871
5256821350 6238
2454003492 9428
9102207147 4606
7359834306 156
7857225888 8052
8703194194 7588
1557807133 7186
7007519840 3157
7761023911 7122
6506568252 9706
4358414668 7916
7908957859 555
1161061178 2802
5909464704 1302
5855430481 3357
4155844279 6311
2302417595 3295
5657856337 6499
5109874841 9009
6608334454 8399
4206872629 1283
8557675581 45
2358198220 7412
9655234259 2421
2651655299 8325
2903412325 1625
5404049565 9637
2302430755 8997
1512107422 6892
6261568822 9028
4651586150 7078
2104644393 6544
1457503560 548
5510054117 6214
3006278835 9130
1501464060 4616
9561343441 3284
7205802841 282
1012296840 7941
7151775861 2189
8409697775 5276
3910594286 6008
6004683388 1958
8557979882 1970
8461195416 4912
1301508610 299
4357479766 9848
6856481966 5565
8701996592 3707
5757322262 2365
1606801526 3190
2351023023 3131
7503482919 7685
1152351608 9055
2211180956 3386
1609399555 4508
4808604916 452
1754217594 195
7808010316 2390
1310626852 8598
3403034072 4021
3862283485 7419
3005598846 2682
4854670034 7377
2055401154 6211
3811592612 1305
9212228918 6063
3355877856 8238
8307641011 4809
8351471502 5589
4911552442 70
7311472022 4030
7805499792 7173
8951265892 6575
3410614626 4836
2805573900 8168
6812597361 7683
8201893487 1198
5355925860 8126
9708353943 3555
2955142512 2144
8153137397 9421
9461596300 8829
2162735816 1866
7707355055 2762
8604045421 5949
2906579972 1952
3551941601 9745
1455165408 9112
7103345425 7016
9152571173 7663
1451015905 1545
5259742494 774
7554503100 4417
3361554305 8342
3601471240 3976
8062586144 223
7210864933 3660
1008999210 6302
8105709484 3630
1454511915 3499
2355885899 7114
7411975407 8477
9106134921 2923
6510523551 9952
3102374846 3588
4356285586 9129
6510237838 2224
1052322580 8065
1402006862 2945
8857313592 9387
1654604425 7411
4254064526 9700
2811487642 9418
7108209620 9283
1604034184 9731
9208621255 1112
7959294208 1769
9062652093 993
3412247149 1997
2407831329 7086
9705235434 7371
4151501454 1739
2901612052 748
1101201703 3677
4004596515 4679
9858783819 8333
5256595340 9282
4109566054 4420
7507707676 2926
9157373542 1510
1009364231 5344
7362669553 2670
8601927039 5387
5260840867 6701
5554622060 7207
2408379163 8739
7561192925 3051
4162671193 8683
7003067489 7661
2858153141 643
9052666192 7693
7656643030 5134
2858176839 7794
8611543323 6954
2312949367 3288
1462230147 2432
3410698791 4628
7654985158 6159
5701187164 1755
3205152317 3429
6554405384 9864
8403248448 5495
5910402156 2861
7254421851 5425
4854339273 9611
9552300270 5707
4356365449 8923
2954790057 4171
8201318557 332
6653720943 2595
1253473285 3657
4756069108 1420
1061955929 9644
3660256600 9405
9360583485 5203
6061249166 7097
7162660083 8179
9054759137 9680
1409574528 3235
9658565478 8907
7657200882 6684
3254730035 8718
2909330763 9096
5160206157 4756
8159597044 1307
3212725626 1352
4451047805 8289
1706254047 6447
3509926784 1556
6559984133 2447
6157273310 9760
7757159795 3764
7055152186 7271
6909402463 4667
6061947634 5037
2111085700 9289
3157818584 1525
8910969262 1099
3755761669 7290
8603592564 3694
6106274550 6753
2601370593 1000
4657296438 4926
8908775489 1639
4309796878 334
4112266311 408
9960370723 8049
7457949788 62
5658954088 9457
5259279583 4969
6801378544 8782
9157984379 4892
2208663988 1121
3107006915 2986
4506563091 231
2354238091 835
7252338677 2033
5505945130 1980
8503732616 437
7404065003 6464
1052037987 2380
6708816562 8472
8661955238 146
2554687700 8916
4512008157 9824
1055660406 9800
5562898395 7520
2353850644 9936
1352330180 7244
9456551700 5163
5509340881 9568
3058912899 6130
4301361684 454
8704442216 6897
2307933983 5205
5961625439 6216
9906057611 5197
4462518100 675
2803842691 5539
2204112108 9619
5655813169 4106
8007713930 8541
9703422376 7399
8852445300 559
9554290164 9774
5105294493 3426
7952392857 4868
8103698634 9196
1852639243 6864
4202934731 6866
6755492878 353
8205533137 5559
5203339063 1102
6751899705 7522
7554342406 3698
2552041222 1054
9459688694 9127
4661807952 7010
3561025577 3496
7709924119 9712
5005778667 365
1359736004 4253
8606666653 7097
2954761999 2499
6462993282 3288
2755763422 1792
1458062455 9445
8509511937 8027
1301778950 6581
5056545839 9248
2362530359 7621
4308788338 3934
4259351563 9166
3561989256 9534
7060474200 9968
7308169983 5229
1809276924 5183
5858615268 1441
1210025711 6715
1104648413 8289
8454270825 9925
8162817727 4948
7760338646 880
6958691288 7751
2758862073 5351
3012095368 2710
7211090230 3754
2053225073 5642
9660732889 4686
9659667349 5686
1453523719 5553
9758553355 2986
6551691309 3233
9156557134 2977
5153742731 7462
7504442748 3230
9557723550 9868
6311235972 5064
4955379397 7558
3911992669 6508
6101889996 2994
4961466836 888
4301739234 4733
4711048073 2167
8106233874 1923
9252978452 1458
7404704708 3892
4112509860 7342
5058859185 3011
4507356809 3709
2252833335 5198
1855032682 1303
1909214261 3043
7110924496 572
2306170523 8802
3251836072 6983
3159320688 4548
7010410530 6575
8911267790 4529
1859722651 4331
3951762773 3158
2460498989 2498
4058170067 2437
4505194634 6481
9807696832 4465
4152428697 1382
5055817323 3591
1612139408 7283
6361057472 4352
6208579338 1240
7459729677 4345
8702614347 5306
1206587605 7828
3551649657 9287
9004489290 5648
8358912365 88
4802184051 9793
8562914098 2262
7156765009 9102
8503144336 9966
6104397777 1557
5602181946 4925
2410133323 6153
4901264227 3145
6001478948 1542
7210521090 1011
7262904179 7733
4304210028 6380
5857367958 2215
9460054280 1362
2060168366 2952
9606028750 5101
3961181356 1775
9909140939 924
6960217220 7914
8558472054 534
5454655349 7503
3858292160 4172
5651629043 7288
2761054416 2724
5402341315 8224
6158893907 2558
4305537390 8674
6557063991 5297
1307309789 763
7456852418 7158
3409137136 7543
6910578245 5392
3956825193 642
8760286160 8248
6856355150 3967
7058695991 8962
6955517727 9522
1155632816 4282
7753600648 8073
3405306715 7344
5955671511 5130
2803812362 2910
9707521446 5276
6810706877 9356
8260177123 1049
2703722135 2421
7703010358 4016
8961792820 7771
6711756261 8221
9262632993 2959
5057952786 2363
1051952922 9101
2856345590 784
5557475183 697
9312363335 9351
2810921997 3039
8851851887 4657
1409730178 5326
2408516790 5190
2456858468 5662
4610541584 9267
9259616482 7418
7452679647 6221
7705314614 9236
1552854240 5441
4352297594 7650
7156648492 9724
1308518499 2021
9909694810 9323
7012515572 5051
6259579281 5110
6110697248 9690
5811899969 2874
2310535643 8126
2205757441 2011
4962051458 3454
5752846223 8394
7209883378 85
9060489869 7402
6151230837 6897
7504175285 3716
8704762318 2658
7955446961 1254
6807679387 1208
5861018233 8906
9654052816 57
6458002748 2803
6305241241 2224
1202435657 8094
7409373061 1882
4206058078 2933
9959234861 7100
9257194071 6980
9358569945 7374
8059987803 2717
8158387835 1008
2754278809 888
3251327310 4852
9908035378 2659
3704998468 9347
6302326619 7190
5803685267 5213
9311429085 9361
1811314064 5393
8801279088 7805
1402637707 8630
2910958681 3680
6762301514 3177
6601455901 3511
6109388157 6869
3959814581 5280
2008217153 8223
9308648453 7400
3701221800 8201
6053664423 3561
1455806791 637
8857660677 6789
7162634431 1649
6509512023 6068
5706571191 5927
1410260167 2157
9261794605 4974
8607168463 3758
2110144377 2958
8857776714 5943
1112329132 7628
4611840177 593
6504917819 4322
8011240100 8396
5257868753 3179
9060416041 606
5310995636 3618
8512546899 4643
1661029509 8342
3202863085 5182
4251004814 7902
7362002384 882
4761463785 6765
3262045723 9240
4901478246 4749
4762048489 6604
7157166925 8063
7853018841 7083
4858864114 4192
1804319906 4120
2110869608 1605
5056571659 5890
1455844403 7373
9308070202 8415
1604552044 1160
8957984669 5699
7755111309 151
7454065416 8920
3153561568 6232
5807162892 4101
4054232786 921
2853675502 1937
5712283004 6895
1853098877 9557
8810361340 9133
4411293013 2518
4006819659 5121
3652390608 5651
3859402526 1977
2552557595 9122
3607213530 8236
3006698571 9344
5601538185 2980
1658922190 107
3758666685 1982
3452185703 5091
1351408529 4980
4260622587 7397
2512201618 5696
6058705942 5268
8855249739 5070
8108998104 3125
8104376092 7709
8812331347 4725
6256123117 1544
1362033082 6383
9157455559 870
6757787205 150
1461454609 8397
9562988658 7486
9707335905 5712
3712974038 374
8405837185 7321
6557902087 2612
5560090619 3414
7261717749 7323
8260669425 7252
2209873722 4533
2112131440 8032
4255226555 2570
2011361654 7863
7759514671 9466
8610234054 3601
9057320142 345
3304462933 4520
8051385883 2903
4602954363 9469
4158832207 9898
6962360974 5270
6554789254 4968
9911454138 1367
9160743938 8791
7959723605 1958
3602923785 4013
7601267998 5166
6510204952 8459
9555198000 9661
6607720493 5245
2510735769 7229
8254080887 1933
2355987330 6770
2110343388 6423
9756590348 5269
7001229030 698
4907591941 2427
5553679141 3758
3558327473 7344
4256433626 1367
8562792471 9870
6501556321 4072
4011648533 6422
4602561615 9684
1110633070 2713
1310547962 3312
6156270634 1100
1104188477 8251
9601816463 5231
8703910521 3459
2955433135 5812
2155888077 6707
8707089447 3667
5406756074 778
6062623649 9870
1152816800 5086
7452335530 1867
3701777297 3630
7904340144 9315
4501733990 6753
3510937053 1288
4512832252 6115
6057850041 7335
8759612194 4526
8959796403 822
9901722532 2682
9404743200 1071
2204755199 1062
2502899789 9095
9508542877 6646
2808472438 8535
7112813595 9294
6461313261 7905
7605615350 9691
1307340222 8580
4762787199 6035
3712931854 2193
6606848748 875
9656874276 8448
5604025960 3699
2259544241 5326
3159673441 9289
2058506637 9637
9311834309 9907
7554705632 6158
7509542993 2038
5656741182 8482
4155637270 9072
3860909831 3473
3459274171 5696
6757618971 5862
4455883555 9774
2860232310 7452
9803728997 4072
9704489067 8484
7857870167 6636
6912105849 6266
1351980942 7008
3755065876 7
7206428094 8548
8755326580 779
4304745292 1884
1108715781 6939
1661898977 2537
7108572454 1009
5402853783 4905
3005761528 6441
3757504171 5263
5601504274 950
8206504601 9417
7854183973 7840
6251458752 9534
3910823144 4296
8010726438 2760
7403525001 6238
9560774140 7099
3612122045 7255
2605210205 7110
1304505951 2626
4009508833 5423
4407569901 7029
1211212368 6840
4605417451 8735
5354392544 8846
3356951287 3508
2803625966 3884
7111161336 2204
3360482499 8299
4955598033 4146
1901292924 9178
6853142008 60
8406499459 2992
2952828287 998
3359503192 3248
8851886684 7987
1506840398 71
4159537903 1790
3802710476 2470
1957658601 2837
1403345338 9712
5902182523 1698
5701319328 7716
6211972710 7938
9159945715 9754
3559275353 2255
1607947716 6834
6358394332 1481
6460863500 2443
6703442669 3479
3056502533 8774
1501363296 7828
5011442186 1200
4206379802 8709
3206941323 568
2158687714 1290
5862809356 3070
7061459695 7236
6158247271 7074
9052091851 5033
5562846312 9827
5703193289 8777
8453516348 9997
2161099158 3196
9506366295 8098
7253720232 9465
9710972383 5399
8908785607 5784
8457664225 6237
5207698602 5825
8206537960 2416
5151339165 9246
9453032480 2521
3560253836 3391
5660959530 6398
